0,0 -2147483648,-2 -2147483648,-2 -2147483648,-2 -2147483648,-2 0,-4 0,-4 0,-4 0,-4 0,-4 0,-6 0,-6 0,-6 0,-6 0,-6 0,-6 0,-6 0,4 0,4 0,4 0,4 0,-3 0,-3 0,-3 0,-3 0,-3 0,-6 0,-6 0,-6 0,-6 0,-6 -2147483648,-6 -2147483648,-6 -2147483648,-6 -2147483648,-6 -2147483648,-6 -2147483648,-6 0,5 0,0 0,0 0,-4 0,-4 0,-6 0,-6 0,-6 0,-6 0,-6 0,-6 0,-6 0,-6 0,-6 0,-6 0,-6 0,-6 0,-4 0,-4 0,-4 0,-6 0,-6 0,-6 0,-6 0,-6 0,-6 0,-6 0,-6 0,-6 0,-6 0,-6 0,-6 0,-6 2,-4 2,-4
0,0 -2147483648,-2 -2147483648,-2 -2147483648,-2 -2147483648,-2 0,-4 0,-4 0,-4 0,-4 0,-4 0,-5 0,-5 0,-5 0,-5 0,-5 0,-5 0,-5 0,5 0,4 0,-4 0,-4 0,-3 0,-3 0,-5 0,-5 0,-5 0,-5 0,-5 0,-5 0,-5 0,-5 0,-7 0,-7 -2147483648,-6 -2147483648,-6 -2147483648,-6 0,5 0,0 0,-3 0,-4 0,-4 0,-4 0,-5 0,-5 0,-5 0,-5 0,-5 0,-5 0,-5 0,-5 0,-5 0,-5 0,-5 0,-5 0,-4 0,-4 0,-4 0,-5 0,-5 0,-5 0,-6 0,-6 0,-5 0,-5 0,-5 0,-5 0,-5 0,-5 0,-5 0,-5 2,-4 2,-4
0,-6 0,-6 0,-6 -2147483648,-2 0,-5 0,-5 0,-4 0,-6 0,-6 0,-6 0,-5 0,-5 0,-5 0,-5 0,-6 0,-6 0,2 0,2 0,-4 0,-4 0,-4 2,-4 2,-4 0,-5 0,-5 0,-5 0,-6 0,-6 0,-5 0,-5 0,-5 0,-7 0,-7 -2147483648,-6 -2147483648,-6 0,-8 0,0 0,-3 0,-3 0,-5 0,-5 0,-5 0,-5 0,-5 0,-5 0,-8 0,-8 0,-8 0,-8 0,-6 0,-6 0,-6 0,-6 0,-6 0,-4 0,-4 0,-4 0,-5 0,-5 0,-5 0,-5 0,-5 0,-6 0,-6 0,-5 0,-5 0,-5 0,-5 0,-5 0,-5 -2147483648,-6 -2147483648,-6
0,-6 0,-6 0,-6 0,-5 0,-5 0,-5 0,-4 0,-6 0,-6 0,-6 0,-5 0,-5 0,-5 0,-5 0,-6 0,2 0,2 0,-4 0,-4 0,-4 0,-4 0,-4 0,-4 0,-5 0,-5 0,-5 0,-6 0,-6 0,-5 0,-5 0,-5 0,-7 0,-7 0,-7 0,-8 0,0 0,-3 0,-5 0,-5 0,-5 0,-5 0,-5 0,-5 0,-7 0,-7 0,-8 0,-8 0,-8 0,-8 0,-6 0,-6 0,-6 0,-6 0,-6 0,-4 0,-4 0,-4 0,-5 0,-5 0,-5 0,-5 0,-5 0,-6 0,-6 0,-7 0,-7 0,-7 0,-5 0,-5 -2147483648,-6 -2147483648,-6 0,-6
0,-6 0,-6 0,-5 0,-5 0,-5 0,-5 0,-5 0,-5 0,-6 0,-6 0,-6 0,-4 0,-4 0,-4 0,-6 0,-6 0,-6 2,-4 2,-4 0,-4 0,-4 0,-4 0,-4 0,-5 0,-5 0,-5 0,-5 0,-5 0,-6 0,-6 0,-6 0,-6 0,-8 0,-2 0,-2 0,-2 0,-3 0,-5 0,-5 0,-5 0,-5 0,-5 0,-5 0,-7 0,-7 0,-7 0,-7 0,-8 0,-6 0,-6 0,-6 0,-6 0,2 0,1 0,-4 0,-4 0,-4 0,-4 0,-4 0,-6 0,-6 0,-6 0,-5 0,-7 0,-7 0,-7 0,-6 0,-6 0,-6 0,-6 0,-6 0,-6
0,-8 0,-8 0,-8 0,-5 0,-5 0,-5 0,-5 0,-5 0,-4 0,-4 0,-4 0,-4 0,-4 0,-4 0,-6 0,-6 0,-6 2,-4 0,-4 0,-4 0,-4 0,-5 0,-5 0,-5 0,-5 0,-5 0,-5 0,-5 0,-6 0,-6 0,-6 0,-6 0,-8 -1,-2 0,-2 0,-4 0,-3 0,-5 0,-5 0,-5 0,-5 0,-5 0,-5 0,-7 0,-7 0,-7 0,-7 0,-5 0,-6 0,-6 0,-6 0,1 0,1 0,-4 0,-4 0,-4 0,-4 0,-4 0,-4 0,-6 0,-6 0,-6 0,-5 0,-7 0,-7 0,-7 0,-6 0,-6 0,-6 0,-6 0,-6 0,-6
0,-8 0,-8 0,-8 0,-5 0,-5 0,-5 0,-5 0,-5 0,-4 0,-4 0,-4 0,-4 0,-4 0,-4 0,-4 0,-4 0,-6 0,-4 0,-4 0,-5 0,-5 0,-5 0,-5 0,-4 0,-4 0,-4 0,-4 0,-6 0,-6 0,-6 0,-6 0,-6 0,-5 1,-5 0,-4 0,-4 0,-4 0,-5 0,-5 0,-5 0,-5 0,-5 0,-5 0,-7 0,-7 0,-7 0,-5 0,-6 0,-6 0,-6 0,-6 0,-4 0,-4 0,-4 0,-5 0,-5 0,-4 0,-4 0,-5 0,-5 0,-6 0,-6 0,-6 0,-6 0,-7 0,-7 0,-7 0,-7 0,-7 0,-7 0,-4 0,-4
0,-8 0,-8 0,-8 0,-5 0,-5 0,-5 0,-5 0,-5 0,-4 0,-4 0,-4 0,-4 0,-4 0,-4 0,-6 0,-6 0,-6 0,-6 0,-6 0,-5 0,-5 0,-5 0,-5 0,-4 0,-4 0,-4 0,-4 0,-4 0,-6 0,-6 0,-6 0,-6 0,-5 0,-5 0,-4 0,-4 0,-4 0,-5 0,-5 0,-5 0,-5 0,-5 0,-5 0,-5 0,-5 0,-5 0,-5 0,-6 0,-6 0,-6 0,-6 0,-4 0,-4 0,-4 0,-5 0,-5 0,-4 0,-4 0,-5 0,-5 0,-4 0,-6 0,-6 0,-6 0,-7 0,-7 0,-7 0,-7 0,-7 0,-7 0,-4 0,-4
0,-8 0,-8 0,-8 0,-5 0,-5 0,-5 0,-5 0,-5 0,-4 0,-4 0,-4 0,-6 0,-6 0,-6 0,-5 0,-5 0,-6 0,-6 0,-6 0,-5 0,-5 0,-5 0,-5 0,-5 0,-4 0,-4 0,-4 0,-4 0,-4 0,0 0,-6 0,-5 0,-5 0,-5 0,-5 0,-5 0,-5 0,-5 0,-5 0,-5 0,-5 0,-5 0,-4 0,-4 0,-4 0,-4 0,-4 0,-2 0,-2 0,-2 0,-5 0,-5 0,-5 0,-5 0,-5 0,-5 0,-5 0,-5 0,-5 0,-5 0,-5 0,-5 0,-5 0,-5 0,-5 0,-5 0,-7 0,-7 0,-5 0,-5 0,-5 0,-5
0,-8 0,-8 0,-8 0,-8 0,-8 0,-5 0,-5 0,-5 0,-4 0,-4 0,-4 0,-6 0,-6 0,-6 0,-5 0,-5 0,-6 0,-6 0,-6 0,-6 0,-6 0,-6 0,-5 0,-5 0,-6 0,-4 0,-4 0,-4 0,-4 0,-6 0,-6 0,-5 0,-5 0,-5 0,-5 0,-6 0,-6 0,-6 0,-6 0,-5 0,-5 0,-5 0,-4 0,-4 0,-4 0,-4 0,-4 0,-2 0,-2 0,-5 0,-5 0,-5 0,-5 0,-5 0,-5 0,-5 0,-5 0,-5 0,-5 0,-5 0,-5 0,-5 0,-5 0,-5 0,-5 0,-5 0,-7 0,-7 0,-5 0,-5 0,-5 0,-5
0,-8 0,-8 0,-8 0,-8 0,-8 0,-5 0,-3 0,-3 0,-3 0,-6 0,-6 0,-6 0,-6 0,-6 0,-6 0,-6 0,-5 0,-6 0,-6 0,-6 0,-6 0,-6 0,-6 0,-6 0,-6 0,-4 0,-3 0,-3 0,-4 0,-6 0,-6 0,-6 0,-6 0,-6 0,-6 0,-6 0,-6 0,-6 0,-6 0,-5 0,-4 0,-4 0,-4 0,-4 0,-4 0,-4 0,-4 0,-4 0,-4 0,-4 0,-5 0,-5 0,-5 0,-5 0,-5 0,-5 0,-5 0,-5 0,-5 0,-5 0,-5 0,-5 0,-5 0,-5 0,-4 0,-4 0,-4 0,-4 0,-5 0,-5 0,-5 0,-5
0,-8 0,-8 0,-8 0,-8 0,-8 0,-5 0,-3 0,-3 0,-3 0,-6 0,-6 0,-6 0,-6 0,-6 0,-6 0,-6 0,-5 0,-6 0,-6 0,-6 0,-6 0,-6 0,-6 0,-6 0,-4 0,-4 0,-3 0,-3 0,-7 0,-6 0,-6 0,-6 0,-6 0,-6 0,-6 0,-6 0,-6 0,-6 0,-6 0,-5 0,-6 0,-4 0,-4 0,-4 0,-5 0,-4 0,-4 0,-7 0,-7 0,-4 0,-5 0,-5 0,-5 0,-5 0,-5 0,-5 0,-5 0,-5 0,-5 0,-5 0,-5 0,-5 0,-5 0,-5 0,-4 0,-4 0,-4 0,-4 0,-5 0,-5 0,-5 0,-5
0,-8 0,-8 0,-8 0,-8 0,-8 0,-5 0,-3 0,-3 0,-5 0,-5 0,-6 0,-6 0,-6 0,-6 0,-6 0,-6 0,-6 0,-6 0,-6 0,-6 0,-6 0,-6 0,-5 0,-5 0,-3 0,-3 0,-3 0,-3 0,-7 0,-7 0,-6 0,-6 0,-6 0,-6 0,-6 0,-6 0,-6 0,-6 0,-6 0,-6 0,-6 0,-4 0,-2 0,-2 0,1 0,-7 0,-7 0,-7 0,-7 0,-5 0,-5 0,-5 0,-5 0,-5 0,-5 0,-5 0,-5 0,-5 0,-5 0,-5 0,-5 0,-5 0,-5 0,0 0,-4 0,-5 0,-5 0,-5 0,-5 0,-5 0,-5 0,-5
0,-8 0,-8 0,-8 0,-5 0,-5 0,-5 0,-3 0,-3 0,-5 0,-5 0,-6 0,-6 0,-6 0,-6 0,-6 0,-6 0,-6 0,-6 0,-6 0,-6 0,-6 0,-6 0,-5 0,-5 0,-3 0,-3 0,-3 0,-7 0,-7 0,-7 0,-6 0,-6 0,-6 0,-6 0,-7 0,-7 0,-6 0,-6 0,-6 0,-6 0,-4 0,-4 0,-2 0,-2 0,-6 0,-7 0,-7 0,-7 0,-7 0,-5 0,-5 0,-6 0,-6 0,-5 0,-5 0,-5 0,-5 0,-5 0,-5 0,-5 0,-5 0,-5 0,-5 0,0 0,0 0,-5 0,-5 0,-5 0,-5 0,-5 0,-5 0,-5
0,-8 0,-8 0,-8 0,-5 0,-5 0,-5 0,-4 0,-4 0,-5 0,-5 0,-6 0,-6 0,-7 0,-7 0,-7 0,-7 0,-7 0,-5 0,-6 0,-6 0,-5 0,-5 0,-5 0,0 0,0 0,-7 0,-7 0,-7 0,-6 0,-6 0,-7 0,-7 0,-7 0,-7 0,-7 0,-7 0,-7 0,-5 0,-5 0,-5 0,-4 0,-4 0,-2 0,-2 0,-6 0,-6 0,-6 0,-6 0,-7 0,-5 0,-6 0,-6 0,-5 0,-5 0,-5 0,-5 0,-5 0,-5 0,-5 0,-2 0,-5 0,-5 0,-5 0,0 0,0 0,-5 0,-5 0,-5 0,-5 0,-5 0,-5 0,-5
0,-8 0,-8 0,8 0,-5 0,-5 0,-5 0,-4 0,-4 0,-5 0,-5 0,-6 0,-6 0,-7 0,-7 0,-7 0,-7 0,-7 0,-7 0,-6 0,-6 0,-5 0,-5 0,-5 0,0 0,-5 0,-7 0,-7 0,-7 0,-6 0,-6 0,-7 0,-7 0,-7 0,-7 0,-7 0,-7 0,-7 0,-5 0,-5 0,-5 0,-4 0,-4 0,-2 0,-6 0,-6 0,-6 0,-6 0,-6 0,-7 0,-7 0,-6 0,-6 0,-5 0,-5 0,-5 0,-5 0,-5 0,-5 0,-2 0,-2 0,-5 0,-5 0,-5 0,-6 0,-6 0,-5 0,-5 0,-5 0,-5 0,-5 0,-5 0,-5
0,8 0,8 0,-8 0,-8 0,-4 0,-4 0,-5 0,-5 0,-5 0,-5 0,-5 0,-7 0,-7 0,-7 0,-7 0,-7 0,-7 0,-7 0,-5 0,-5 0,-5 0,-5 0,-5 0,-5 0,-5 0,-5 0,-7 0,-7 0,-7 0,-7 0,-7 0,-7 0,-7 0,-7 0,-7 0,-7 0,-7 0,-5 0,-5 0,-5 0,-4 0,-4 0,-6 0,-6 0,-6 0,-6 0,-6 0,-6 0,-7 0,-7 0,-7 0,-5 0,-6 0,-6 0,-5 0,-5 0,-5 0,-5 0,-2 0,-2 0,0 0,-6 0,-6 0,-6 0,-6 0,-6 0,-5 0,-5 0,-5 0,-5 0,-5 0,-5
0,8 0,8 -2147483648,4 0,-8 0,-4 0,-4 0,-5 0,-5 0,-5 0,-5 0,-5 0,-7 0,-7 0,-7 0,-7 0,-7 0,-7 0,-7 0,-5 0,-5 0,-5 0,-5 0,-5 0,-5 0,-5 0,-5 0,-5 0,-5 0,-5 0,-7 0,-7 0,-7 0,-7 0,-7 0,-7 0,-5 0,0 -2147483648,0 -2147483648,0 0,-5 0,-4 0,-4 0,-6 0,-6 0,-6 0,-6 0,-6 0,-6 0,-7 0,-7 0,-7 0,-7 0,-6 0,-6 0,-7 0,-5 0,-5 0,-5 0,-2 0,-2 0,-6 0,-6 0,-6 0,-6 0,-6 0,-6 0,-5 0,-5 0,-5 0,-5 0,-5 0,-5
-2147483648,4 -2147483648,4 0,-4 0,-4 0,-5 0,-5 0,-4 0,-4 0,-5 0,-5 0,-5 0,-7 0,-7 0,-7 0,-7 0,-7 0,-7 0,-7 0,-7 0,-7 0,-4 0,-4 0,-4 0,-4 0,-4 0,-4 0,-4 0,-4 0,-4 0,-8 0,-8 0,-8 0,-8 0,0 0,0 0,0 0,0 0,0 0,0 0,0 0,0 0,0 0,-6 0,-6 0,-6 0,-6 0,-7 0,-7 0,-7 0,-7 0,-7 0,-7 0,-7 0,-7 0,-5 0,-5 0,-5 0,0 0,0 0,-6 0,-6 0,-6 0,-6 0,-6 0,-6 0,-6 0,-6 0,-6 0,-5 0,-5 0,-5 0,-5
-2147483648,4 0,-4 0,-4 0,-4 0,-5 0,-5 0,-6 0,-6 0,-5 0,-5 0,-5 2,-6 2,-6 0,-7 0,-7 0,-7 0,-7 0,-7 0,-7 0,-7 0,-4 0,-4 0,-4 0,-4 0,-4 0,-6 0,-6 0,-6 0,-6 0,-8 0,-8 0,0 0,0 0,0 0,0 0,0 0,0 0,0 0,0 0,0 0,0 0,0 0,1 -2147483648,3 -2147483648,3 -2147483648,3 0,-7 0,-7 0,-7 0,-7 0,-7 0,-7 0,-7 0,-7 0,-5 0,-5 0,-5 0,-5 0,-5 0,-6 0,-6 0,-6 0,-6 0,-6 0,-6 0,-6 0,-6 0,-6 0,-5 0,-5 0,-5 0,-5
0,-5 0,-5 0,-5 0,-5 0,-5 0,-5 0,-6 0,-6 0,-6 0,-4 0,-4 0,-4 0,-4 0,-7 0,-4 0,-4 0,-7 0,-7 0,-5 0,-5 0,-4 0,-4 0,-5 0,-5 0,-4 0,-6 0,-6 0,-6 0,-6 0,-8 0,-4 0,0 0,0 0,0 0,0 0,0 0,0 0,0 0,0 0,0 0,0 0,0 0,1 -2147483648,3 -2147483648,3 -2147483648,3 0,-7 0,-7 0,-7 0,-7 0,-7 0,-7 0,-7 0,-7 0,-7 0,-7 0,-7 0,-5 0,-5 0,-5 0,-5 0,-5 0,-6 0,-6 0,-7 0,-7 0,-6 0,-6 0,-6 0,-6 0,-6 0,-6
0,-5 0,-5 0,-5 0,-5 0,-5 0,-6 0,-6 0,-6 0,-6 0,-6 0,-6 0,-4 0,-4 0,-4 0,-4 0,-4 0,-7 0,-7 0,-5 0,-5 0,-4 0,-4 0,-5 0,-5 0,-4 0,-6 0,-6 0,-6 0,-6 0,-4 0,0 0,0 0,0 0,0 0,0 0,0 0,0 0,0 0,0 0,0 0,0 0,0 0,0 -2147483648,3 -2147483648,3 -2147483648,-8 -2147483648,3 0,-7 0,-7 0,-7 0,-7 0,-7 0,-7 0,-7 0,0 0,-7 0,-7 0,-5 0,-5 0,-5 0,-5 0,-5 0,-6 0,-6 0,-7 0,-7 0,-6 0,-6 0,-6 0,-6 0,-6 0,-6
0,-8 0,-8 0,-8 0,-6 0,-6 0,-6 0,-6 0,-6 0,-6 0,-6 0,-6 0,-4 0,-4 0,-4 0,-4 0,-4 1,-5 0,-5 0,-5 0,-5 0,-5 0,-5 0,-5 0,-5 0,-5 0,-5 0,-6 0,1 0,1 0,1 0,0 0,0 0,0 0,0 0,0 0,0 0,0 0,0 0,0 0,0 0,0 0,-1 0,-1 0,0 -2147483648,3 -2147483648,3 -2147483648,3 0,-8 0,-6 0,-6 0,-7 0,-7 0,-7 0,0 0,0 0,-5 0,-5 0,-5 0,-5 0,-5 0,-5 0,-5 0,-6 0,-6 0,-6 0,-6 0,-6 0,-6 0,-6 0,-6 0,-6 0,-6
0,-8 0,-8 0,-8 0,-6 0,-6 0,-6 0,-6 0,-6 0,-6 0,-6 0,-6 0,-4 0,-4 0,-4 0,-4 0,-4 0,-5 0,-5 0,-5 0,-5 0,-5 0,-5 0,-5 0,-5 0,-5 0,-5 0,-4 0,1 0,1 0,1 0,0 0,0 0,0 0,0 0,0 0,0 0,0 0,0 7,0 7,0 7,0 0,-1 0,-1 0,-1 0,0 0,-8 0,-8 0,-8 0,-6 0,-6 0,-7 0,-7 1,0 0,0 0,-5 0,-5 0,-5 0,-5 0,-5 0,-5 0,-5 0,-5 0,-6 0,-6 0,-6 0,-6 0,-6 0,-6 0,-6 0,-6 0,-6 0,-6
0,-8 0,-8 0,-8 0,-6 0,-6 0,-6 0,-6 0,-5 0,-6 0,-6 0,-4 0,-4 0,-4 0,-4 0,-4 0,-4 0,-5 0,-5 0,-5 0,-5 0,-5 0,-5 0,-5 0,-5 0,-5 0,-5 0,-2 0,-2 0,-1 0,-1 0,0 0,0 0,0 0,0 0,0 0,0 0,0 7,0 7,0 7,0 0,1 0,1 0,1 0,0 0,-1 0,0 0,-8 0,-8 0,-8 0,-8 0,-7 0,0 0,0 0,0 0,-5 0,-5 0,-5 0,-5 0,-5 0,-5 0,-5 0,-5 0,-5 0,-5 0,-6 0,-6 0,-6 0,-6 0,-7 0,-7 0,-3 0,-3
0,-8 0,-8 0,-8 0,-6 0,-6 0,-6 0,-5 0,-5 0,-4 0,-4 0,-4 0,-4 0,-4 0,-4 0,-4 0,-4 0,-5 0,-7 0,-7 0,-7 0,-7 0,-5 0,-5 0,-5 0,-5 0,-5 0,-2 0,-2 0,-1 0,-1 0,0 0,0 0,0 0,0 0,0 0,0 0,0 7,0 7,0 7,0 7,0 0,1 0,1 0,0 0,0 0,0 0,0 0,-8 0,-8 0,-8 0,1 0,-7 0,-5 0,-5 0,-5 0,-5 0,-5 0,-5 0,-5 0,-5 0,-5 0,-5 0,-5 0,-5 0,-6 0,-6 0,-6 0,-6 0,-7 0,-7 0,-3 0,-3
0,-8 0,-8 0,-8 0,-6 0,-6 0,-5 0,-5 0,-5 0,-5 0,-2 0,-2 0,-2 0,-5 0,-5 0,-5 0,-5 0,-5 0,-7 0,-7 0,-7 0,-7 0,-5 0,-5 0,-5 0,-5 0,-5 0,-5 0,-2 0,0 0,0 0,0 0,0 0,0 0,0 0,0 0,0 0,0 7,0 7,0 7,0 7,0 0,0 0,0 0,0 0,0 0,0 0,0 0,-8 0,8 0,0 0,0 0,-5 0,-5 0,-5 0,-5 0,-5 0,-5 0,-5 0,-5 0,-5 0,-5 0,-5 0,-5 0,-5 0,-5 0,-5 0,-5 0,-5 0,-4 0,-4 0,-4 0,-4
0,-8 0,-8 0,-8 0,-4 0,-5 0,-5 0,-5 0,-5 0,-5 0,-2 0,-2 0,-2 0,-5 0,-5 0,-5 0,-5 0,-5 0,-7 0,-7 0,-7 0,-7 0,-7 0,-7 0,-3 0,-3 0,-3 0,-5 0,0 0,0 0,0 0,0 0,0 0,0 0,0 0,0 0,0 0,0 0,0 0,0 0,0 0,0 0,0 0,0 0,0 0,0 0,0 0,0 0,8 0,8 0,0 0,-5 0,-5 0,-5 0,-5 0,-5 0,-5 0,-5 0,-5 0,-5 0,-5 0,-5 0,-5 0,-5 0,-5 0,-5 0,-5 0,-5 0,-5 0,-4 0,-4 0,-4 0,-4
0,-8 -2147483648,-6 -2147483648,-6 -2147483648,-6 0,-5 0,-5 0,-5 0,-5 0,-5 0,-2 0,-2 0,-6 0,-6 0,-6 0,-6 0,-6 0,-5 0,-7 0,-7 0,-7 0,-7 0,-7 0,-7 0,-4 0,-4 0,-3 0,-3 0,0 0,0 0,0 0,0 0,0 0,0 0,0 0,0 0,0 0,0 0,0 0,0 0,0 0,0 0,0 0,0 0,0 0,0 0,0 0,0 0,8 0,8 0,-5 0,-5 0,-5 0,-5 0,-5 0,-5 0,-5 0,-6 0,-6 0,-6 0,-4 0,-4 0,-4 0,-4 0,-4 0,-4 0,-5 0,-5 0,-5 0,-4 0,-4 0,-4 0,-4
0,-8 -2147483648,-8 -2147483648,-6 -2147483648,-6 0,-5 0,-5 0,-5 0,-5 0,-5 0,-2 0,-7 0,-6 0,-6 0,-6 0,-6 -2147483648,-7 -2147483648,-7 0,-7 0,-7 0,-7 0,-7 0,-7 0,-7 0,-6 0,-6 0,1 0,1 0,0 0,0 0,0 0,0 0,0 0,0 0,0 0,0 0,0 0,1 0,0 0,0 0,0 0,0 0,0 0,0 0,0 0,0 0,0 0,0 0,8 0,8 0,-5 0,-5 0,-5 0,-5 0,-5 0,-5 0,-6 0,-6 0,-6 0,-6 0,-4 0,-4 0,-4 0,-4 0,-4 0,-4 0,-5 0,-6 0,-5 0,-4 0,-4 0,-4 0,-4
0,-8 -2147483648,-8 -2147483648,-8 0,-5 0,-5 0,-5 0,-5 0,-5 0,0 0,-7 0,-7 0,-7 0,-6 0,-6 -2147483648,-7 -2147483648,-7 -2147483648,-7 0,-7 0,-7 0,-7 0,-7 0,-7 0,-6 0,-6 0,-3 1,1 0,1 0,0 0,0 0,0 0,0 0,0 0,0 0,0 0,0 0,0 0,1 0,1 0,0 0,0 0,0 0,0 0,0 0,0 0,0 0,0 0,0 0,8 0,8 0,-5 0,-5 0,-5 0,-5 0,-5 0,-6 0,-6 0,-6 0,-6 0,-5 0,-5 0,-4 0,-4 0,-4 0,-4 0,-4 0,-5 0,-5 0,-4 0,-4 0,-4 0,-5 0,-5
0,-8 -2147483648,-8 -2147483648,-8 0,-5 0,-5 0,-5 0,-5 0,-5 0,-5 0,-7 0,-7 0,-7 0,-6 -2147483648,-7 -2147483648,-7 -2147483648,-7 0,-7 0,-7 0,-7 0,-7 0,-7 0,-7 0,-6 0,-6 0,-3 0,1 0,1 0,1 0,0 0,0 0,0 0,0 0,0 0,0 0,0 0,0 0,1 0,1 0,0 0,-1 0,0 0,0 0,0 0,0 0,0 0,0 0,0 0,8 0,8 0,-5 0,-7 0,-7 0,-7 0,-5 0,-6 0,-6 0,-6 0,-6 0,-5 0,-5 0,-4 0,-4 0,-4 0,-4 0,-4 0,-4 0,-7 0,-7 0,-7 0,-4 0,-5 0,-5
0,-8 -2147483648,-8 -2147483648,-8 0,-6 0,-5 0,-5 0,-5 0,-5 0,-4 0,-7 0,-7 0,-7 0,-7 -2147483648,-7 0,-6 0,-6 0,-7 0,-7 0,-7 0,-7 0,-6 0,-6 0,-6 0,-2 0,-2 0,-2 0,-4 0,0 0,1 0,0 0,0 0,0 0,0 0,0 0,0 0,0 0,0 0,0 0,0 0,0 0,-1 0,-1 0,-1 0,1 0,1 0,1 0,0 0,8 0,8 0,-5 0,-7 0,-7 0,-7 0,-5 0,-5 0,-5 0,-5 0,-5 0,-5 0,-5 0,-5 0,0 0,-1 0,0 0,-4 0,-4 0,-7 0,-7 0,-7 0,-5 0,-5 0,-5
0,-8 -2147483648,-8 -2147483648,-8 0,-6 0,-5 0,-5 0,-5 0,-5 0,-6 0,-4 0,-5 0,-7 0,-7 0,-7 0,-6 0,-6 0,-7 0,-7 0,-7 0,-7 0,-6 0,-6 0,-6 0,-2 0,-2 0,-4 0,-4 0,-4 0,0 0,0 0,0 0,0 0,0 0,0 0,0 0,0 0,0 0,0 0,0 0,0 0,-1 0,-1 0,-1 0,1 0,1 0,1 0,0 0,0 0,-5 0,-7 0,-7 0,-7 0,-7 0,-5 0,-5 0,-5 0,-5 0,-5 0,-5 0,-5 0,-5 0,0 0,0 0,0 0,-4 0,-8 0,-7 0,-7 0,-7 0,-7 0,-7 0,-5
14,8 14,8 -2147483648,-8 -2147483648,-8 0,-4 0,-4 0,-6 0,-6 0,-6 0,-4 0,-4 0,-6 0,-6 0,-6 0,-7 0,-7 0,-6 0,-6 0,-6 0,-6 0,-6 0,-2 0,-2 0,-2 0,-4 0,-4 0,-4 0,2 0,0 0,0 0,0 0,0 0,0 0,0 0,0 0,0 0,0 0,0 0,0 0,0 0,0 0,0 0,0 0,0 0,0 0,0 0,0 0,0 0,-6 0,-6 0,-6 0,-6 0,-6 0,-6 0,-5 0,-5 0,-5 0,-5 0,-5 0,-5 0,0 0,0 0,-4 0,-4 0,-8 0,-8 0,-8 0,-7 0,-7 0,-7 0,-7 0,-5
14,8 -2147483648,-8 -2147483648,-9 -2147483648,-8 0,-4 0,-4 0,-6 0,-6 0,-6 0,-6 0,-6 0,-6 0,-6 0,-6 0,-5 0,-5 0,-6 0,-6 0,-6 0,-6 0,-6 0,-2 0,-2 0,-5 0,-4 0,2 0,2 0,2 0,0 0,0 0,1 0,1 0,0 0,0 0,0 0,0 0,0 0,0 0,0 0,0 0,0 0,0 0,0 0,0 0,-4 0,0 0,0 0,-7 0,-6 0,-6 0,-6 0,-6 0,-6 0,-6 0,-5 0,-5 0,-5 0,-5 0,-5 0,-5 0,0 0,0 0,-4 0,-4 0,-8 0,-8 0,-8 0,-7 0,-7 0,-7 0,-7 0,-5
0,7 0,7 0,0 0,-4 0,-4 0,-6 0,-6 0,-6 0,-6 0,-6 0,-6 0,-6 0,-6 0,-6 0,-5 0,-5 0,-6 0,-6 0,-6 0,1 0,1 0,1 0,-4 0,-4 0,-5 0,-3 0,-3 0,-3 0,-3 0,1 0,1 0,1 -1,0 0,0 0,0 0,0 0,0 0,0 0,0 0,0 0,0 0,0 0,0 0,-4 0,-4 0,0 0,-5 0,-7 0,-7 0,-7 0,-6 0,-6 0,-6 0,-6 0,-6 0,-6 0,-5 0,-5 0,-5 0,-5 0,-4 0,-4 0,-6 0,-6 0,-6 0,-8 0,-8 0,-8 0,-8 0,-6 0,-6 0,-6
0,0 0,0 0,-4 0,-4 0,-4 0,-4 0,-4 0,-4 0,-4 0,-6 0,-6 0,-6 0,-6 0,-4 0,-5 0,-5 0,-6 0,-6 0,-6 0,1 0,1 0,-4 0,-4 0,-4 0,-5 0,-5 0,-3 0,-5 0,-5 0,2 0,2 0,1 0,0 0,0 0,0 0,0 0,0 0,0 0,0 0,0 0,0 0,-2 0,-2 0,-4 0,-4 0,-4 0,-5 0,-7 0,-7 0,-7 0,-6 0,-6 0,-6 0,-6 0,-6 0,-6 0,-5 0,-5 0,-5 0,-5 0,-4 0,-4 0,-6 0,-6 0,-6 0,-8 0,-8 0,-8 0,-8 0,-6 0,-6 0,-6
0,0 0,-4 0,-4 0,-4 0,-5 0,-5 0,-5 0,-5 0,-5 0,-5 0,-5 0,-5 0,-5 0,-5 0,-5 0,-5 0,-5 0,-5 0,-1 0,-1 0,-4 0,-4 0,-4 0,-4 0,-5 0,-5 0,-5 0,-3 0,-3 0,2 0,2 0,2 0,0 0,0 0,0 0,0 0,0 0,0 0,0 0,0 0,0 0,-2 0,-2 0,-4 0,-2 0,-5 0,-5 0,-7 0,-7 0,-7 0,-7 0,-7 0,-7 0,-7 0,-6 0,-6 0,-6 0,-6 0,-4 0,-4 0,-4 0,-4 0,-5 0,-5 0,-5 0,-8 0,-8 0,-8 0,-8 0,-6 0,-6 0,-6
0,-8 0,-4 0,-8 0,-4 0,-5 0,-5 0,-5 0,-5 0,-5 0,-5 0,-5 0,-5 0,-5 0,-5 0,-5 0,-5 0,-5 0,-5 0,-1 0,-4 0,-4 0,-4 0,-4 0,-4 0,-5 0,-5 0,-5 0,-5 0,-4 0,2 0,2 0,2 0,2 0,0 0,0 0,0 0,0 0,0 0,0 0,0 96,-1 96,-1 0,-5 -2147483648,-3 -2147483648,-3 0,-5 0,-5 0,-5 0,-5 0,-7 0,-7 0,-7 0,-7 0,-7 0,5 0,5 0,-6 0,-6 0,-4 0,-4 0,-4 0,-4 0,-5 0,-5 0,-5 0,-5 0,-6 0,-6 0,-6 0,-6 0,-6 0,-6
0,-8 0,-8 0,-8 0,-5 0,-5 0,-5 0,-5 0,-5 0,-5 0,-5 0,-5 0,-5 0,-5 0,-5 0,-5 0,-5 0,-5 0,-5 0,-5 0,-5 0,-5 0,-5 0,-5 0,-5 0,-5 0,-5 0,-5 0,-4 0,-4 0,-4 0,-4 -2147483648,-1 -2147483648,-1 -2147483648,-1 0,5 0,0 0,0 0,-1 0,-1 0,-1 0,-1 0,-5 0,-5 0,-5 0,-5 0,-5 0,-5 0,-5 0,-4 0,-7 0,-7 0,-7 0,-7 0,5 0,5 0,5 0,-3 0,-3 0,-5 0,-5 0,-5 0,-5 0,-5 0,-5 0,-5 0,-5 0,-6 0,-6 0,-6 0,-6 0,-6 0,-6
0,-8 0,-8 0,-8 -2147483648,-4 0,-5 0,-5 0,-5 0,-5 0,-5 0,-5 0,-5 0,-5 0,-5 0,-5 0,-5 0,-5 0,-5 0,-5 0,-5 0,-5 0,-5 0,-5 0,-5 0,-5 0,-5 0,-5 0,-5 0,-4 0,-4 0,-4 0,-4 0,-4 -2147483648,-1 0,5 0,5 0,0 0,0 0,0 0,-1 0,-5 0,-5 0,-5 0,-5 0,-5 0,-5 0,-5 0,-5 0,-5 0,-6 0,-7 0,-7 0,-7 0,-7 0,5 0,5 0,-3 0,-3 0,-3 0,-5 0,-5 0,-5 0,-5 0,-5 0,-5 0,-5 0,-5 0,-6 0,-6 0,-6 -2147483648,-6 -2147483648,-6 -2147483648,-7
0,-8 0,-8 -2147483648,-4 -2147483648,-4 0,-5 0,-5 0,-5 0,-5 0,-5 0,-5 0,-4 0,-4 0,-3 0,-3 0,-1 0,-6 0,-6 0,-6 0,-6 0,-6 0,-5 0,-5 0,-5 0,-5 0,-5 0,-5 0,-5 0,-5 0,-4 0,-4 0,-4 0,-4 0,-4 0,-4 0,0 0,0 0,0 0,-6 0,-6 0,-6 0,-5 0,-5 0,-5 0,-5 0,-5 0,-5 0,-5 0,-5 0,-6 0,-6 0,-4 0,-4 0,-4 0,-4 0,-3 0,-3 0,-3 0,-5 0,-4 0,-4 0,-5 0,-5 0,-5 0,-5 0,-5 0,-5 0,-5 0,-5 0,-5 -2147483648,-7 -2147483648,-7 -2147483648,-7
0,-8 0,-8 -2147483648,-4 -2147483648,-4 0,-5 0,-5 0,-5 0,-5 0,-5 0,-5 0,-4 0,-4 0,-3 0,-3 0,-7 0,-6 0,-6 0,-6 0,-6 0,-6 0,-6 0,-5 0,-5 0,-5 0,-5 0,-5 0,-5 0,-5 0,-4 0,-4 0,-4 0,-4 0,-4 0,-4 0,-4 0,-5 0,-6 0,-6 0,-6 0,-6 0,-5 0,-5 0,-5 0,-5 0,-5 0,-5 0,-5 0,-5 0,-6 0,-6 0,-4 0,-4 0,-4 0,-4 0,-3 0,-3 0,-3 0,-3 0,-4 0,-4 0,-5 0,-5 0,-5 0,-5 0,-5 0,-5 0,-5 0,-5 0,-5 -2147483648,-7 -2147483648,-7 0,-7
0,-8 0,-8 -2147483648,-4 -2147483648,-4 0,-5 0,-5 0,-5 0,-5 0,-5 0,-5 0,-2 0,-2 0,-3 0,-3 0,-7 0,-7 0,-6 0,-6 0,-6 0,-6 0,-6 0,-5 0,-5 0,-5 0,-5 0,-5 0,-5 0,-5 0,-4 0,-2 0,-2 0,-2 0,-5 0,-5 0,-5 0,-5 0,-6 0,-6 0,-6 0,-6 0,-5 0,-5 0,-6 0,-6 0,-5 0,-5 0,-5 0,-5 0,-4 0,-4 0,-4 0,-4 0,-5 0,-5 0,-4 0,-4 0,-4 0,-3 0,-4 0,-5 0,-5 0,-5 0,-5 0,-5 0,-4 0,-4 0,-4 0,-4 0,-5 0,-5 0,-7 0,-7
0,-8 -2147483648,-9 -2147483648,-8 -2147483648,-4 0,-5 0,-5 0,-5 0,-5 0,-5 0,-5 0,-2 0,-2 0,-3 0,-7 0,-7 0,-7 0,-6 0,-6 0,-6 0,-6 0,-6 0,-6 0,-5 0,-5 0,-5 0,-5 0,-5 0,-2 0,-2 0,-2 0,-2 0,-2 0,-5 0,-5 0,-7 0,-5 0,-6 0,-6 0,-6 0,-6 0,-5 0,-5 0,-6 0,-6 0,-5 0,-5 0,-5 0,-5 0,-4 0,-4 0,-4 0,-4 0,-5 0,-5 0,-4 0,-4 0,-4 0,-5 0,-6 0,-5 0,-5 0,-5 0,-5 0,-5 0,-4 0,-4 0,-4 0,-4 0,-5 0,-5 0,-7 0,0
0,-8 -2147483648,-8 -2147483648,-8 -2147483648,-4 0,-5 0,-5 0,-5 8,-4 0,-4 0,-4 0,-2 0,-2 0,-6 0,-6 0,-6 0,-6 0,-6 0,-6 0,-5 0,-5 0,-6 0,-6 0,-6 0,-6 0,-5 0,-5 0,-5 0,-2 0,-2 0,-2 0,0 0,-7 0,-7 0,-7 0,-6 0,-6 0,-6 0,-6 0,-6 0,-6 0,-5 0,-5 0,-6 0,-6 0,-6 0,-4 0,-4 0,-4 0,-4 0,-4 0,-5 0,-5 0,-5 0,-5 0,-5 0,-5 0,-5 0,-5 0,-6 0,-6 0,-6 0,-4 0,-4 0,-4 0,-4 0,-4 0,-4 0,-4 0,-4 -1,0 0,0 0,0
0,-8 -2147483648,-8 -2147483648,-8 0,-7 0,-7 0,-5 0,-5 8,-4 0,-4 0,-4 0,-2 0,-6 0,-6 0,-6 0,-6 0,-6 0,-6 0,-6 0,-7 0,-5 0,-6 0,-6 0,-6 0,-6 0,-5 0,-5 0,-5 0,-2 0,-2 0,-2 0,-6 0,-7 0,-7 0,-7 0,-6 0,-6 0,-6 0,-6 0,-6 0,-6 0,-5 0,-5 0,-6 0,-6 0,-4 0,-4 0,-4 0,-4 0,-4 0,-4 0,-5 0,-5 0,-7 0,-5 0,-5 0,-5 0,-5 0,-5 0,-6 0,-6 0,-6 0,-6 0,-6 0,-4 0,-4 0,-4 0,-4 0,-4 0,-4 0,0 0,-5 0,-5
0,-8 -2147483648,-8 -2147483648,-8 0,-7 0,-7 0,-5 0,-5 0,-5 0,-4 0,-4 0,-5 0,-5 0,-6 0,-6 0,-6 0,-6 0,-7 0,-7 0,-6 0,-6 0,-6 0,-6 0,-6 0,-6 0,-6 0,-6 0,-2 0,-2 0,0 0,-6 0,-6 0,-6 0,-6 0,-6 0,-6 0,-6 0,-6 0,-6 0,-5 0,-5 0,-5 0,-5 0,-5 0,-5 0,-3 0,-3 0,0 0,0 0,-4 0,-4 0,-7 0,-7 0,-7 0,-5 0,-5 0,-5 0,-5 0,-5 0,-6 0,-6 0,-6 0,-6 0,-6 0,-4 0,-4 0,-4 0,-2 0,-2 0,0 0,-5 0,-5 0,-5
0,-8 0,-8 0,-7 0,-7 0,-5 0,-5 0,-5 0,-5 0,-4 0,-4 0,-5 0,-5 0,-6 0,-6 0,-6 0,-6 0,-7 0,-7 0,-6 0,-6 0,-6 0,-6 0,-6 0,-6 0,-6 0,-6 0,-2 0,-2 0,-6 0,-6 0,-6 0,-6 0,-6 0,-6 0,-6 0,-6 0,-6 0,-6 0,-5 0,-5 0,-5 0,-5 0,-5 0,-5 0,-3 0,-3 0,0 0,0 0,-4 0,-4 0,-7 0,-7 0,-7 -2147483648,-7 -2147483648,-7 0,-5 0,-5 0,-5 0,-6 0,-6 0,-6 0,-6 0,-6 0,-4 0,-4 0,-4 0,-2 0,-2 0,-8 0,-5 0,-8 0,-5
0,-8 0,-8 0,-6 0,-6 0,-7 0,-7 0,-5 0,-5 0,-5 0,-5 0,-4 0,-6 0,-6 0,-6 0,-5 0,-7 0,-6 0,-6 0,-6 0,-6 0,-6 0,-6 0,-6 0,-6 0,-6 0,-6 0,-6 0,-6 0,-6 0,-6 0,-6 0,-6 0,-6 0,-6 0,-6 0,-6 0,-6 0,-6 0,-5 0,-5 0,-5 0,-5 0,-5 0,-5 0,-5 0,-2 0,-2 0,-2 0,-2 0,-7 0,-7 -2147483648,-7 -2147483648,-7 -2147483648,-7 0,-5 0,-5 0,-5 0,-5 0,-5 0,-5 0,-5 0,-5 0,-4 0,-4 0,-1 0,-2 0,0 0,-8 0,-8 0,-8 0,-8 0,-5
0,-8 -2147483648,-8 -2147483648,-8 0,-6 0,-7 0,-7 0,-5 0,-5 0,-5 0,-5 0,-4 0,-6 0,-6 0,-6 0,-5 0,-5 0,-6 0,-6 0,-6 0,-6 0,-6 0,-6 0,-6 0,-6 0,-6 0,-6 0,-6 0,-6 0,-6 0,-6 0,-6 0,-6 0,-6 0,-6 0,-6 0,-6 0,-6 0,-6 0,-5 0,-5 0,-5 0,-5 0,-5 0,-5 0,-5 0,-2 0,-2 0,-6 0,-6 0,-7 0,-7 -2147483648,-7 -2147483648,-7 0,-5 0,-5 0,-5 0,-5 0,-5 0,-5 0,-5 0,-5 0,-5 0,-4 0,-4 0,-1 0,-1 0,0 0,-8 0,-8 0,-8 0,-8 0,-5
0,-8 -2147483648,-8 -2147483648,-8 0,-7 0,-4 0,-4 0,-4 0,-4 0,-5 0,-5 0,-5 0,-5 0,-6 0,-6 0,-5 0,-5 0,-5 0,-5 0,-6 0,-6 0,-7 0,-7 0,-8 0,-8 0,0 0,-4 0,-4 0,-4 0,-6 0,-6 0,-5 0,-5 0,-5 0,-5 0,-6 0,-6 0,-6 0,-6 0,-6 0,-6 0,-5 0,-5 0,-7 0,-7 0,-4 0,-4 0,-6 0,-6 0,-6 0,-6 0,-6 0,-6 0,-6 0,-6 0,-6 0,-6 0,-5 0,-5 0,-6 0,-6 0,-5 0,-5 0,-2 0,-2 0,0 0,0 0,-5 0,-5 0,-8 0,-8 0,-8 0,-6
0,5 -2147483648,-8 -2147483648,-8 0,3 0,-4 0,-4 0,-4 0,-4 0,-5 0,-5 0,-5 0,-5 0,-4 0,-4 0,-5 0,-5 0,-5 0,-5 0,-6 0,-6 0,-7 0,-7 0,-8 0,-8 0,-8 0,-4 0,-6 0,-6 0,-6 0,-4 0,-5 0,-5 0,-5 0,-5 0,-6 0,-6 0,-6 0,-6 0,-6 0,-6 0,-5 0,-5 0,-7 0,-7 0,-4 0,-4 0,-6 0,-6 0,-6 0,-6 0,-6 0,-6 0,-6 0,-6 0,-6 0,-6 0,-5 0,-5 0,-6 0,-6 0,-5 0,-5 0,-2 0,-2 0,0 0,-8 0,-5 0,-5 0,-8 0,-8 0,-8 0,-6
0,5 0,5 0,3 0,-4 0,-4 0,-4 0,-4 0,-4 0,-4 0,-4 0,-5 0,-5 0,-5 0,-5 0,-5 0,-5 0,-5 0,-5 0,-6 0,-6 0,-8 0,-8 0,-4 0,-4 0,-4 0,-6 0,-6 0,-6 0,-5 0,-5 0,-5 0,-5 0,-5 0,-5 0,-6 0,-6 0,-7 0,-7 0,-6 0,-6 0,-5 0,-5 0,-4 0,-4 0,-4 0,-4 0,-4 0,-6 0,-5 0,-5 0,-6 0,-6 0,-6 0,-6 0,-6 0,-6 0,-6 0,-6 0,-6 0,-6 0,-6 0,-6 0,-5 0,-5 0,-5 0,-5 0,-8 0,-8 0,-7 0,-7 0,-8 0,-6
0,6 0,5 0,3 0,-4 0,-4 0,-4 0,-4 0,-4 0,-4 0,-4 0,-5 0,-5 0,-5 0,-5 0,-5 0,-5 0,-5 0,-5 0,-6 0,-6 0,-8 0,-4 0,-4 0,-4 0,-4 0,-6 0,-6 0,-6 0,-5 0,-5 0,-5 0,-5 0,-5 0,-5 0,-6 0,-6 0,-7 0,-7 0,-6 0,-6 0,-5 0,-5 0,-4 0,-4 0,-4 0,-4 0,-4 0,-4 0,-5 0,-5 0,-6 0,-6 0,-6 0,-6 0,-6 0,-6 0,-6 0,-6 0,-6 0,-6 0,-6 0,-6 0,-5 0,-5 0,-5 0,-5 0,-8 0,-8 0,-7 0,-7 0,-6 0,-6
